==================
       5
==============
AUS
      0.00000      0.00000      0.00000
    0.0514432      0.00000      0.00000
      1.64821      0.00000      0.00000
==============
      0.00000      0.00000      0.00000
      0.00000      0.00000      0.00000
      0.00000      0.00000      0.00000
    0.0514432      0.00000      0.00000
      0.00000      0.00000      0.00000
     0.242747      0.00000      0.00000
      1.64821      0.00000      0.00000
     0.203585      0.00000      0.00000
      5.77096      0.00000      0.00000
==============
==============
AMZ
     0.313310    0.0572758    0.0177321
      23.6613      2.39918     0.260554
      58.8379      13.9180      1.36765
==============
     0.313310    0.0572758    0.0177321
    0.0752793      0.00000      0.00000
     0.941584     0.198889    0.0986327
      23.6613      2.39918     0.260554
      5.51043     0.300162    0.0999857
      36.6939      4.34422     0.700443
      58.8379      13.9180      1.36765
      39.2516      4.73221     0.349840
      71.6485      23.9871      2.65826
==============
==============
SSA
      0.00000      0.00000      0.00000
      1.14277     0.141151      0.00000
      5.10698     0.785729     0.110948
==============
      0.00000      0.00000      0.00000
      0.00000      0.00000      0.00000
      0.00000      0.00000      0.00000
      1.14277     0.141151      0.00000
     0.207993      0.00000      0.00000
      2.95798     0.498873      0.00000
      5.10698     0.785729     0.110948
      2.56034    0.0554405      0.00000
      6.93487      2.57188     0.389726
==============
==============
CAM
    0.0406427      0.00000      0.00000
      16.4684      1.74573     0.223825
      53.4749      8.67253      1.33964
==============
    0.0406427      0.00000      0.00000
      0.00000      0.00000      0.00000
     0.142250      0.00000      0.00000
      16.4684      1.74573     0.223825
      6.00833      1.14237     0.142250
      25.8203      2.26363     0.567560
      53.4749      8.67253      1.33964
      37.8157      5.37177     0.849710
      59.1802      13.5698      1.71345
==============
==============
WNA
      0.00000      0.00000      0.00000
     0.919592      0.00000      0.00000
      16.6880     0.141879      0.00000
==============
      0.00000      0.00000      0.00000
      0.00000      0.00000      0.00000
      0.00000      0.00000      0.00000
     0.919592      0.00000      0.00000
      0.00000      0.00000      0.00000
      2.62203      0.00000      0.00000
      16.6880     0.141879      0.00000
      1.70930      0.00000      0.00000
      27.0492     0.654836      0.00000
==============
==============
CNA
      0.00000      0.00000      0.00000
      3.20562      0.00000      0.00000
      22.1106     0.112464      0.00000
==============
      0.00000      0.00000      0.00000
      0.00000      0.00000      0.00000
      0.00000      0.00000      0.00000
      3.20562      0.00000      0.00000
      0.00000      0.00000      0.00000
      5.36016      0.00000      0.00000
      22.1106     0.112464      0.00000
      1.49556      0.00000      0.00000
      38.6654     0.317312      0.00000
==============
==============
ENA
      0.00000      0.00000      0.00000
     0.373991    0.0479107      0.00000
      2.27730     0.279160    0.0162359
==============
      0.00000      0.00000      0.00000
      0.00000      0.00000      0.00000
      0.00000      0.00000      0.00000
     0.373991    0.0479107      0.00000
      0.00000      0.00000      0.00000
      1.17356     0.335375      0.00000
      2.27730     0.279160    0.0162359
     0.276995      0.00000      0.00000
      5.15352     0.925533     0.113651
==============
==============
ALA
      0.00000      0.00000      0.00000
     0.286872    0.0443369      0.00000
      1.60900     0.183619    0.0369286
==============
      0.00000      0.00000      0.00000
      0.00000      0.00000      0.00000
      0.00000      0.00000      0.00000
     0.286872    0.0443369      0.00000
      0.00000      0.00000      0.00000
     0.648624     0.310359      0.00000
      1.60900     0.183619    0.0369286
      0.00000      0.00000      0.00000
      3.36906     0.514617     0.258500
==============
==============
GRL
    0.0638594   0.00108027      0.00000
      1.79476     0.543904     0.123281
      3.93279      1.23452     0.392790
==============
    0.0638594   0.00108027      0.00000
      0.00000      0.00000      0.00000
     0.149092   0.00756190      0.00000
      1.79476     0.543904     0.123281
     0.182655      0.00000      0.00000
      4.84791      1.63603     0.492569
      3.93279      1.23452     0.392790
      1.39635     0.132241      0.00000
      8.63444      3.57265      1.24261
==============
==============
MED
      0.00000      0.00000      0.00000
      6.82513     0.357975      0.00000
      20.9827      4.53721     0.152998
==============
      0.00000      0.00000      0.00000
      0.00000      0.00000      0.00000
      0.00000      0.00000      0.00000
      6.82513     0.357975      0.00000
      1.01958      0.00000      0.00000
      14.3194      1.70762      0.00000
      20.9827      4.53721     0.152998
      11.4949     0.157205      0.00000
      37.6478      7.92399     0.546451
==============
==============
NEU
      0.00000      0.00000      0.00000
     0.328457    0.0119497      0.00000
      2.84668    0.0907676      0.00000
==============
      0.00000      0.00000      0.00000
      0.00000      0.00000      0.00000
      0.00000      0.00000      0.00000
     0.328457    0.0119497      0.00000
      0.00000      0.00000      0.00000
      1.06518    0.0836477      0.00000
      2.84668    0.0907676      0.00000
     0.205927      0.00000      0.00000
      9.62878     0.247464      0.00000
==============
==============
WAF
    0.0224937      0.00000      0.00000
      28.0321      1.29920     0.270323
      72.9073      13.0459      1.03639
==============
    0.0224937      0.00000      0.00000
      0.00000      0.00000      0.00000
     0.117968      0.00000      0.00000
      28.0321      1.29920     0.270323
      17.6685     0.473244    0.0789460
      61.7660      3.22973     0.827848
      72.9073      13.0459      1.03639
      63.9265      6.09260     0.552419
      88.7182      30.3214      1.89201
==============
==============
EAF
      0.00000      0.00000      0.00000
      35.7863      2.65968    0.0340403
      73.2647      22.2726      1.34410
==============
      0.00000      0.00000      0.00000
      0.00000      0.00000      0.00000
      0.00000      0.00000      0.00000
      35.7863      2.65968    0.0340403
      21.2870     0.706240      0.00000
      56.1059      8.98956     0.238282
      73.2647      22.2726      1.34410
      60.5665      10.5395    0.0792245
      87.5794      37.2039      6.09895
==============
==============
SAF
      0.00000      0.00000      0.00000
      5.99170   0.00788263      0.00000
      39.3452      1.18304      0.00000
==============
      0.00000      0.00000      0.00000
      0.00000      0.00000      0.00000
      0.00000      0.00000      0.00000
      5.99170   0.00788263      0.00000
      1.92646      0.00000      0.00000
      12.8590    0.0551784      0.00000
      39.3452      1.18304      0.00000
      28.7186      0.00000      0.00000
      52.0333      3.53530      0.00000
==============
==============
SAH
      0.00000      0.00000      0.00000
      16.2722     0.774351   0.00438363
      43.5673      12.0923     0.577288
==============
      0.00000      0.00000      0.00000
      0.00000      0.00000      0.00000
      0.00000      0.00000      0.00000
      16.2722     0.774351   0.00438363
      9.04513     0.200807      0.00000
      22.7719      2.21683    0.0306854
      43.5673      12.0923     0.577288
      32.3536      6.54422      0.00000
      51.8065      18.0866      2.77475
==============
==============
SEA
      1.33820      0.00000      0.00000
      33.6065      3.59988     0.112560
      65.6189      15.5865      1.54730
==============
      1.33820      0.00000      0.00000
      0.00000      0.00000      0.00000
      4.54439      0.00000      0.00000
      33.6065      3.59988     0.112560
      18.2713     0.492173      0.00000
      51.4537      10.0426     0.294715
      65.6189      15.5865      1.54730
      38.5602      6.70225     0.296190
      83.7124      35.8747      2.95368
==============
==============
EAS
   0.00551761      0.00000      0.00000
      2.55099    0.0705293      0.00000
      8.50923     0.375678    0.0193759
==============
   0.00551761      0.00000      0.00000
      0.00000      0.00000      0.00000
    0.0386233      0.00000      0.00000
      2.55099    0.0705293      0.00000
     0.249097      0.00000      0.00000
      8.00968     0.224630      0.00000
      8.50923     0.375678    0.0193759
      1.85406    0.0710944      0.00000
      20.0368      1.16821     0.100398
==============
==============
SAS
     0.104107      0.00000      0.00000
      10.6683     0.296719    0.0278638
      42.7973      3.51827     0.185035
==============
     0.104107      0.00000      0.00000
      0.00000      0.00000      0.00000
     0.531885      0.00000      0.00000
      10.6683     0.296719    0.0278638
      1.02426     0.188674      0.00000
      20.8442     0.648938    0.0657576
      42.7973      3.51827     0.185035
      7.65542     0.446559    0.0646446
      52.7933      5.22736     0.261450
==============
==============
CAS
      0.00000      0.00000      0.00000
      3.05834   0.00545134      0.00000
      16.6135     0.530817      0.00000
==============
      0.00000      0.00000      0.00000
      0.00000      0.00000      0.00000
      0.00000      0.00000      0.00000
      3.05834   0.00545134      0.00000
     0.395232      0.00000      0.00000
      7.37195    0.0381593      0.00000
      16.6135     0.530817      0.00000
      7.11645      0.00000      0.00000
      22.7761      1.31614      0.00000
==============
==============
TIB
      0.00000      0.00000      0.00000
     0.418734      0.00000      0.00000
      5.45592    0.0246713      0.00000
==============
      0.00000      0.00000      0.00000
      0.00000      0.00000      0.00000
      0.00000      0.00000      0.00000
     0.418734      0.00000      0.00000
      0.00000      0.00000      0.00000
      1.20289      0.00000      0.00000
      5.45592    0.0246713      0.00000
     0.109493      0.00000      0.00000
      11.7827     0.172699      0.00000
==============
==============
NAS
   0.00169469      0.00000      0.00000
    0.0515982   0.00157590      0.00000
     0.223061    0.0246523      0.00000
==============
   0.00169469      0.00000      0.00000
      0.00000      0.00000      0.00000
    0.0118628      0.00000      0.00000
    0.0515982   0.00157590      0.00000
      0.00000      0.00000      0.00000
     0.167067    0.0110313      0.00000
     0.223061    0.0246523      0.00000
      0.00000      0.00000      0.00000
     0.564501    0.0718603      0.00000
==============
==================
      20
==============
AUS
    0.0850450      0.00000      0.00000
      5.73684   0.00586535      0.00000
      23.9901     0.399513      0.00000
==============
    0.0850450      0.00000      0.00000
      0.00000      0.00000      0.00000
     0.339936      0.00000      0.00000
      5.73684   0.00586535      0.00000
     0.438708      0.00000      0.00000
      15.4092    0.0410574      0.00000
      23.9901     0.399513      0.00000
      13.5394      0.00000      0.00000
      41.8334      1.25243      0.00000
==============
==============
AMZ
      5.61525     0.466104    0.0535803
      70.4601      13.7973     0.980581
      91.1095      44.3299      6.59135
==============
      5.61525     0.466104    0.0535803
     0.579984    0.0747739      0.00000
      15.7200      2.29035     0.223534
      70.4601      13.7973     0.980581
      52.8631      3.81645     0.274697
      80.6107      24.1082      2.14811
      91.1095      44.3299      6.59135
      82.1723      26.4665      2.17702
      95.9373      63.2704      11.9269
==============
==============
SSA
     0.233494      0.00000      0.00000
      7.77498     0.857543     0.103212
      17.8999      3.73990     0.404066
==============
     0.233494      0.00000      0.00000
      0.00000      0.00000      0.00000
     0.725230      0.00000      0.00000
      7.77498     0.857543     0.103212
      5.16843     0.110238      0.00000
      11.0235      2.51456     0.335151
      17.8999      3.73990     0.404066
      11.6482      1.33354    0.0552303
      23.7797      5.48340      1.45413
==============
==============
CAM
      1.74930    0.0809995      0.00000
      60.8086      9.68870      1.07264
      84.2253      35.9004      4.46816
==============
      1.74930    0.0809995      0.00000
     0.286232      0.00000      0.00000
      7.07602     0.282497      0.00000
      60.8086      9.68870      1.07264
      44.3597      3.54308     0.284230
      69.6211      16.7134      1.56080
      84.2253      35.9004      4.46816
      73.5103      22.0084      3.13330
      90.1112      44.1585      7.23407
==============
==============
WNA
     0.248803      0.00000      0.00000
      27.3212     0.259835      0.00000
      64.8747      5.72948    0.0397369
==============
     0.248803      0.00000      0.00000
      0.00000      0.00000      0.00000
      1.36308      0.00000      0.00000
      27.3212     0.259835      0.00000
      13.9363      0.00000      0.00000
      40.7708      1.34450      0.00000
      64.8747      5.72948    0.0397369
      45.3176     0.328559      0.00000
      83.1379      12.3775     0.278158
==============
==============
CNA
      1.41635    0.0100987      0.00000
      45.6304      1.05630      0.00000
      81.3082      11.9779    0.0216545
==============
      1.41635    0.0100987      0.00000
      0.00000      0.00000      0.00000
      4.57044    0.0706912      0.00000
      45.6304      1.05630      0.00000
      13.1127      0.00000      0.00000
      71.7270      2.87231      0.00000
      81.3082      11.9779    0.0216545
      57.5151     0.324516      0.00000
      94.7697      23.7024    0.0808904
==============
==============
ENA
     0.306526      0.00000      0.00000
      8.45931     0.255839    0.0162359
      30.3210      1.17690     0.147785
==============
     0.306526      0.00000      0.00000
      0.00000      0.00000      0.00000
     0.915510      0.00000      0.00000
      8.45931     0.255839    0.0162359
      1.09754      0.00000      0.00000
      15.7219      1.03918     0.113651
      30.3210      1.17690     0.147785
      8.15092     0.139402      0.00000
      47.4360      3.18888     0.786131
==============
==============
ALA
      2.50193      0.00000      0.00000
      15.2327     0.233995    0.0221119
      27.6683     0.932729     0.146804
==============
      2.50193      0.00000      0.00000
     0.192661      0.00000      0.00000
      7.98890      0.00000      0.00000
      15.2327     0.233995    0.0221119
      1.04274      0.00000      0.00000
      34.9476     0.465142     0.154783
      27.6683     0.932729     0.146804
      2.57655      0.00000      0.00000
      49.6643      1.68277     0.413283
==============
==============
GRL
     0.589212    0.0755225      0.00000
      8.63461      1.32947     0.378381
      18.6121      3.00383     0.815776
==============
     0.589212    0.0755225      0.00000
     0.162638      0.00000      0.00000
     0.963305     0.172687      0.00000
      8.63461      1.32947     0.378381
      2.30287     0.166210      0.00000
      15.8538      3.70126      1.14594
      18.6121      3.00383     0.815776
      8.97794     0.516855    0.0594283
      30.5221      7.60510      2.48126
==============
==============
MED
     0.334311    0.0134231      0.00000
      28.7006      3.94513    0.0380829
      55.2093      13.8565      1.69233
==============
     0.334311    0.0134231      0.00000
      0.00000      0.00000      0.00000
      1.26147    0.0939617      0.00000
      28.7006      3.94513    0.0380829
      13.3562     0.832230      0.00000
      48.3171      8.70940     0.149203
      55.2093      13.8565      1.69233
      41.8354      8.52034      0.00000
      71.4878      24.3549      4.47004
==============
==============
NEU
      3.05702      0.00000      0.00000
      21.2089     0.340659      0.00000
      32.1926      3.25921    0.0174702
==============
      3.05702      0.00000      0.00000
      0.00000      0.00000      0.00000
      8.18257      0.00000      0.00000
      21.2089     0.340659      0.00000
      1.32390      0.00000      0.00000
      46.7087      1.25415      0.00000
      32.1926      3.25921    0.0174702
      9.28152     0.187463      0.00000
      59.9147      10.5994    0.0836477
==============
==============
WAF
      1.43769    0.0224937      0.00000
      79.1750      14.8890     0.833372
      94.6216      55.2674      4.51006
==============
      1.43769    0.0224937      0.00000
     0.117074      0.00000      0.00000
      3.08535    0.0789761      0.00000
      79.1750      14.8890     0.833372
      70.9526      4.98204     0.433810
      91.0361      41.0430      1.57590
      94.6216      55.2674      4.51006
      90.4249      43.9581      1.73002
      98.5628      79.7203      11.6080
==============
==============
EAF
      2.25579   0.00552220      0.00000
      80.9913      23.2301     0.822134
      96.1875      58.5211      10.3353
==============
      2.25579   0.00552220      0.00000
     0.234953      0.00000      0.00000
      5.12778    0.0386554      0.00000
      80.9913      23.2301     0.822134
      72.9427      12.6815    0.0794062
      89.9307      38.0723      3.92599
      96.1875      58.5211      10.3353
      92.0299      40.3077      3.01175
      98.5211      75.1992      20.5301
==============
==============
SAF
    0.0429227      0.00000      0.00000
      41.6290      1.25680      0.00000
      64.7653      21.3154     0.102477
==============
    0.0429227      0.00000      0.00000
      0.00000      0.00000      0.00000
     0.193998      0.00000      0.00000
      41.6290      1.25680      0.00000
      36.0454    0.0558900      0.00000
      45.7744      5.69409      0.00000
      64.7653      21.3154     0.102477
      58.2227      11.6877      0.00000
      72.7008      30.7246     0.609409
==============
==============
SAH
     0.284098      0.00000      0.00000
      44.7055      9.18202    0.0951703
      70.6367      32.6899      4.79042
==============
     0.284098      0.00000      0.00000
      0.00000      0.00000      0.00000
      1.89722      0.00000      0.00000
      44.7055      9.18202    0.0951703
      29.8661      4.70429      0.00000
      58.9480      15.1824     0.310433
      70.6367      32.6899      4.79042
      63.1853      22.8949      1.70067
      77.1618      40.4173      10.1643
==============
==============
SEA
      16.9058      2.04033     0.168734
      79.7769      27.5244      3.51820
      91.5277      57.6524      10.8437
==============
      16.9058      2.04033     0.168734
      6.31840      0.00000      0.00000
      30.0959      7.89843     0.690571
      79.7769      27.5244      3.51820
      61.5056      15.5946     0.592809
      90.3506      47.4037      14.1053
      91.5277      57.6524      10.8437
      78.5563      37.0222      4.14473
      97.3512      77.0959      31.3151
==============
==============
EAS
      6.11236    0.0811013      0.00000
      27.0729      3.23521    0.0684455
      41.2769      8.21854     0.314256
==============
      6.11236    0.0811013      0.00000
      1.79518      0.00000      0.00000
      10.5318     0.190193      0.00000
      27.0729      3.23521    0.0684455
      18.9899     0.270071      0.00000
      47.0313      10.2341     0.412396
      41.2769      8.21854     0.314256
      35.3164      1.97079    0.0352334
      56.6989      20.5118      1.32337
==============
==============
SAS
      3.51102     0.136636      0.00000
      54.8224      4.46705     0.139586
      80.3512      27.2388      1.21562
==============
      3.51102     0.136636      0.00000
     0.664373      0.00000      0.00000
      12.4508     0.766332      0.00000
      54.8224      4.46705     0.139586
      23.4715      1.02517    0.0646446
      69.0187      5.47055     0.196160
      80.3512      27.2388      1.21562
      72.8229      3.43360     0.321730
      86.3658      36.4014      3.13571
==============
==============
CAS
     0.246986      0.00000      0.00000
      24.5497     0.888092      0.00000
      49.9148      8.77240    0.0371610
==============
     0.246986      0.00000      0.00000
      0.00000      0.00000      0.00000
      1.12031      0.00000      0.00000
      24.5497     0.888092      0.00000
      8.58112      0.00000      0.00000
      35.5879      2.81054      0.00000
      49.9148      8.77240    0.0371610
      34.9127      2.79319      0.00000
      58.3919      14.4385     0.126529
==============
==============
TIB
     0.264339      0.00000      0.00000
      12.2260     0.186440      0.00000
      29.0514      2.97648    0.0164476
==============
     0.264339      0.00000      0.00000
      0.00000      0.00000      0.00000
     0.743709      0.00000      0.00000
      12.2260     0.186440      0.00000
      4.31670      0.00000      0.00000
      19.7736     0.629927      0.00000
      29.0514      2.97648    0.0164476
      19.9117      0.00000      0.00000
      39.1315      9.72069     0.115133
==============
==============
NAS
      1.92939    0.0221046      0.00000
      4.66844    0.0673984      0.00000
      9.26071     0.191034   0.00751423
==============
      1.92939    0.0221046      0.00000
    0.0140658      0.00000      0.00000
      5.89527     0.107941      0.00000
      4.66844    0.0673984      0.00000
     0.229214      0.00000      0.00000
      11.8779     0.273801      0.00000
      9.26071     0.191034   0.00751423
      1.18146      0.00000      0.00000
      17.2230     0.452681    0.0424206
==============
==================
      50
==============
AUS
     0.883304      0.00000      0.00000
      20.0791     0.165108      0.00000
      41.9592      2.94625    0.0173218
==============
     0.883304      0.00000      0.00000
      0.00000      0.00000      0.00000
      4.30065      0.00000      0.00000
      20.0791     0.165108      0.00000
      8.66337      0.00000      0.00000
      35.9499     0.514010      0.00000
      41.9592      2.94625    0.0173218
      30.9166     0.571359      0.00000
      56.9039      9.65066    0.0412965
==============
==============
AMZ
      13.7868      2.16174     0.147769
      88.1371      30.2508      2.76156
      96.9891      66.0259      13.3972
==============
      13.7868      2.16174     0.147769
      4.48885     0.174341      0.00000
      28.1111      9.06542     0.460017
      88.1371      30.2508      2.76156
      78.0253      14.2290     0.779028
      93.5728      49.8413      5.18488
      96.9891      66.0259      13.3972
      93.6051      45.7788      6.07252
      98.7608      81.5282      25.6582
==============
==============
SSA
      2.72073    0.0370906      0.00000
      20.8328      2.37259     0.181947
      30.3973      6.53639      1.37080
==============
      2.72073    0.0370906      0.00000
     0.597895      0.00000      0.00000
      3.93314     0.259634      0.00000
      20.8328      2.37259     0.181947
      16.0501     0.553999      0.00000
      30.4768      4.06488     0.615000
      30.3973      6.53639      1.37080
      22.6620      3.40051    0.0554405
      38.6500      10.5444      2.90379
==============
==============
CAM
      7.71787     0.425826    0.0403567
      78.5771      23.1732      2.15121
      91.7920      57.5493      8.90521
==============
      7.71787     0.425826    0.0403567
      1.83028      0.00000      0.00000
      23.6454      1.00769     0.282497
      78.5771      23.1732      2.15121
      68.7290      13.9203      1.27412
      86.2788      38.1656      2.98190
      91.7920      57.5493      8.90521
      87.8732      40.0876      5.90974
      94.7518      63.3610      15.5451
==============
==============
WNA
      2.15369   0.00865838      0.00000
      56.8863      2.39199   0.00664674
      83.7415      21.5392     0.445000
==============
      2.15369   0.00865838      0.00000
      0.00000      0.00000      0.00000
      6.88844    0.0606087      0.00000
      56.8863      2.39199   0.00664674
      36.9681     0.240709      0.00000
      77.3511      4.99454    0.0465272
      83.7415      21.5392     0.445000
      75.6242      5.58895      0.00000
      93.3537      29.0650      2.62296
==============
==============
CNA
      9.94862     0.120446      0.00000
      78.4884      9.53796    0.0196777
      94.6489      40.0506     0.561680
==============
      9.94862     0.120446      0.00000
      1.03658      0.00000      0.00000
      27.0266     0.403296      0.00000
      78.4884      9.53796    0.0196777
      54.3038     0.778064      0.00000
      89.9228      19.8270     0.137744
      94.6489      40.0506     0.561680
      89.2740      18.2186      0.00000
      98.7290      60.4375      2.95689
==============
==============
ENA
      2.13571      0.00000      0.00000
      32.1887      1.06830    0.0634764
      54.4208      7.73838     0.262616
==============
      2.13571      0.00000      0.00000
     0.216496      0.00000      0.00000
      5.35040      0.00000      0.00000
      32.1887      1.06830    0.0634764
      19.3186      0.00000      0.00000
      48.2974      3.39709     0.335375
      54.4208      7.73838     0.262616
      34.3649      1.41155      0.00000
      69.9722      11.0506      1.17356
==============
==============
ALA
      10.7946     0.107136      0.00000
      41.6417      1.66285    0.0803548
      57.0894      5.79856     0.212342
==============
      10.7946     0.107136      0.00000
      2.38177      0.00000      0.00000
      28.0737     0.392495      0.00000
      41.6417      1.66285    0.0803548
      10.8757     0.146768      0.00000
      68.3223      3.03939     0.310359
      57.0894      5.79856     0.212342
      20.0843     0.423321      0.00000
      83.2498      15.9076     0.514617
==============
==============
GRL
      4.01291     0.163552    0.0221004
      21.7856      2.44319     0.543337
      34.8385      6.17660      1.26886
==============
      4.01291     0.163552    0.0221004
      1.70682    0.0205627      0.00000
      6.03588     0.315726    0.0686798
      21.7856      2.44319     0.543337
      9.66152     0.614911      0.00000
      34.8307      6.34370      1.54446
      34.8385      6.17660      1.26886
      20.0746      1.75483     0.177848
      49.6921      14.0049      3.68275
==============
==============
MED
      2.57113    0.0940177   0.00671155
      47.9443      9.21394     0.206113
      72.7852      26.2046      4.04945
==============
      2.57113    0.0940177   0.00671155
     0.106217      0.00000      0.00000
      4.76457     0.518471    0.0469809
      47.9443      9.21394     0.206113
      27.9098      4.16513      0.00000
      63.6083      18.5154     0.650389
      72.7852      26.2046      4.04945
      64.4607      13.8909     0.173004
      82.4731      44.1696      8.34589
==============
==============
NEU
      14.1775     0.656423      0.00000
      44.7827      6.82193    0.0192851
      61.6003      12.9265     0.282540
==============
      14.1775     0.656423      0.00000
      2.04708      0.00000      0.00000
      23.9471      1.89133      0.00000
      44.7827      6.82193    0.0192851
      15.2746     0.164946      0.00000
      70.1722      16.1391    0.0836477
      61.6003      12.9265     0.282540
      44.6022     0.497490      0.00000
      77.2893      38.4137      1.29808
==============
==============
WAF
      6.72910     0.225881      0.00000
      91.7534      37.2468      1.71838
      97.4826      77.1785      13.0012
==============
      6.72910     0.225881      0.00000
     0.786795      0.00000      0.00000
      14.6354     0.593359      0.00000
      91.7534      37.2468      1.71838
      87.8810      22.6449     0.591880
      97.1359      70.0499      4.12186
      97.4826      77.1785      13.0012
      94.3988      70.5250      5.86690
      99.4180      89.4925      31.0004
==============
==============
EAF
      10.5018     0.118648      0.00000
      93.2108      46.0400      3.34927
      98.7406      76.8996      22.8412
==============
      10.5018     0.118648      0.00000
      1.54117      0.00000      0.00000
      16.1557     0.476392      0.00000
      93.2108      46.0400      3.34927
      88.1767      31.7268     0.475373
      97.0885      62.6124      10.2626
      98.7406      76.8996      22.8412
      97.0747      65.5191      8.47954
      99.6902      88.6714      34.9752
==============
==============
SAF
     0.568098      0.00000      0.00000
      57.6522      7.05070    0.0158669
      75.4672      39.5810     0.971060
==============
     0.568098      0.00000      0.00000
    0.0546198      0.00000      0.00000
      1.75717      0.00000      0.00000
      57.6522      7.05070    0.0158669
      52.0385     0.664397      0.00000
      64.1932      15.1027     0.111068
      75.4672      39.5810     0.971060
      71.3532      29.8785    0.0553075
      78.7122      49.4611      4.03634
==============
==============
SAH
      1.12698    0.0387112      0.00000
      60.9556      18.9239     0.748017
      79.8337      46.6168      10.0467
==============
      1.12698    0.0387112      0.00000
      0.00000      0.00000      0.00000
      5.05352     0.240293      0.00000
      60.9556      18.9239     0.748017
      47.9701      10.1845    0.0865710
      74.3973      30.1456      2.06650
      79.8337      46.6168      10.0467
      75.3948      35.8165      5.33509
      85.0210      57.4491      16.6537
==============
==============
SEA
      34.1348      7.44097      1.16782
      90.9460      51.2761      9.58536
      95.7754      76.7400      25.7763
==============
      34.1348      7.44097      1.16782
      22.3006     0.197962      0.00000
      49.0555      20.9252      4.93661
      90.9460      51.2761      9.58536
      79.7293      38.1715      2.96222
      96.3707      73.0713      28.9792
      95.7754      76.7400      25.7763
      88.1549      58.3287      10.7553
      98.6222      90.3875      50.7585
==============
==============
EAS
      20.7458      1.88883    0.0282214
      44.6040      11.4348     0.801625
      58.8984      22.1200      2.61261
==============
      20.7458      1.88883    0.0282214
      8.80176    0.0732315      0.00000
      36.3726      3.41821     0.158452
      44.6040      11.4348     0.801625
      37.0399      4.83336      0.00000
      62.3888      27.5617      4.04262
      58.8984      22.1200      2.61261
      50.2335      14.8521     0.170324
      69.1782      39.6322      7.91512
==============
==============
SAS
      10.6937     0.935060      0.00000
      75.4272      16.4294     0.441365
      90.4601      46.4053      4.00493
==============
      10.6937     0.935060      0.00000
      4.40547      0.00000      0.00000
      25.7588      4.67345      0.00000
      75.4272      16.4294     0.441365
      65.2182      3.34384     0.254238
      84.5007      26.1766      1.23302
      90.4601      46.4053      4.00493
      88.1885      13.1006     0.642104
      93.8416      55.4663      6.55165
==============
==============
CAS
      2.74840   0.00513891      0.00000
      43.5717      4.52256    0.0181749
      63.8579      21.2681     0.521638
==============
      2.74840   0.00513891      0.00000
     0.498166      0.00000      0.00000
      8.60747    0.0359724      0.00000
      43.5717      4.52256    0.0181749
      25.2948     0.949703      0.00000
      56.6412      10.5686    0.0826919
      63.8579      21.2681     0.521638
      53.0583      8.98435      0.00000
      73.7440      29.4158      1.69367
==============
==============
TIB
      2.92578    0.0309640      0.00000
      28.1684      2.21946    0.0246291
      46.9743      8.98472     0.313492
==============
      2.92578    0.0309640      0.00000
     0.278016      0.00000      0.00000
      6.96653     0.112976      0.00000
      28.1684      2.21946    0.0246291
      19.7409     0.110819      0.00000
      40.9701      7.11591     0.115133
      46.9743      8.98472     0.313492
      38.1473     0.831025      0.00000
      55.6388      19.9837      1.16092
==============
==============
NAS
      7.40662     0.447272      0.00000
      16.6275      1.03960   0.00157590
      26.4302      2.05230    0.0191274
==============
      7.40662     0.447272      0.00000
      1.20011      0.00000      0.00000
      15.5037      1.98047      0.00000
      16.6275      1.03960   0.00157590
      4.81713    0.0553315      0.00000
      29.5728      3.67517    0.0110313
      26.4302      2.05230    0.0191274
      9.05510     0.127830      0.00000
      40.1255      4.40556    0.0651538
==============
